7.93	8.03	139.50	40.07
8.10	7.99	140.19	39.81
8.10	8.00	138.82	39.81
8.10	8.01	139.33	39.80
8.10	8.02	139.84	39.79
8.10	8.03	140.36	39.78
8.10	8.04	138.99	39.78
8.10	8.05	139.50	39.77
8.11	7.99	138.91	39.80
8.11	8.00	139.50	39.79
8.11	8.01	139.94	39.78
8.11	8.02	140.46	39.77
8.11	8.03	139.09	39.77	
8.11	8.04	139.60	39.76
8.11	8.05	140.12	39.75
8.12	7.99	139.50	39.78
8.12	8.00	140.04	39.77	
8.12	8.01	138.67	39.77
8.12	8.02	139.18	39.76
8.12	8.03	139.70	39.75	
8.12	8.04	140.21	39.74
8.12	8.05	138.85	39.74
8.13	7.99	140.14	39.76
8.13	8.00	138.77	39.76	
8.13	8.01	139.28	39.75
8.13	8.02	139.80	39.74
8.13	8.03	140.31	39.73	
8.13	8.04	138.94	39.73
8.13	8.05	139.50	39.72
8.14	7.99	138.87	39.75
8.14	8.00	139.38	39.74	
8.14	8.01	139.90	39.73
8.14	8.02	140.41	39.72
8.14	8.03	139.04	39.72	
8.14	8.04	139.50	39.71
8.14	8.05	140.07	39.70
8.15	7.99	139.50	39.73
8.15	8.00	139.99	39.72	
8.15	8.01	138.63	39.72
8.15	8.02	139.14	39.71
8.15	8.03	139.65	39.70	
8.15	8.04	140.17	39.69
8.15	8.05	138.81	39.69
8.16	7.99	140.09	39.71
8.16	8.00	138.73	39.71	
8.16	8.01	139.24	39.70
8.16	8.02	139.75	39.69
8.16	8.03	140.27	39.68	
8.16	8.04	138.90	39.68
8.16	8.05	139.50	39.67
8.16	8.10	140.10	39.63
8.17	7.99	138.83	39.70
8.17	8.00	139.34	39.69	
8.17	8.01	139.85	39.68
8.17	8.02	138.49	39.68
8.17	8.03	139.0	39.67	
8.17	8.04	139.50	39.66
8.17	8.05	140.03	39.65
8.17	8.11	139.35	39.61
8.18	7.99	139.50	39.68
8.18	8.00	139.95	39.67	
8.18	8.01	140.47	39.66
8.18	8.02	139.10	39.66
8.18	8.03	139.62	39.65	
8.18	8.04	140.13	39.64
8.18	8.05	138.77	39.64
8.19	7.99	140.06	39.66
8.19	8.00	138.69	39.66	
8.19	8.01	139.20	39.65
8.19	8.02	139.72	39.64
8.19	8.03	140.23	39.63	
8.19	8.04	138.87	39.63
8.19	8.05	139.80	39.62
8.20	7.99	138.79	39.65
8.20	8.00	139.30	39.64	
8.20	8.01	139.82	39.63
8.20	8.02	140.34	39.62
8.20	8.03	140.86	39.61	
8.20	8.04	139.50	39.61
8.20	8.05	140.00	39.60
8.21	7.99	139.40	39.63
8.21	8.00	139.92	39.62	
8.21	8.01	138.56	39.62
8.21	8.02	139.07	39.61
8.21	8.03	139.50	39.60	
8.21	8.04	140.10	39.59
8.21	8.05	138.74	39.59
8.22	7.99	140.02	39.61
8.22	8.00	138.66	39.61
8.22	8.01	139.17	39.60		
8.22	8.02	139.69	39.59
8.22	8.03	140.20	39.58
8.22	8.04	138.84	39.58
8.22	8.05	139.35	39.57
8.23	7.99	138.76	39.60
8.23	8.00	139.27	39.59
8.23	8.01	139.79	39.58
8.23	8.02	140.31	39.57
8.23	8.03	138.94	39.57
8.23	8.04	139.50	39.56
8.23	8.05	139.97	39.55
8.24	8.05	138.71	39.54
8.30	8.04	140.03	39.44
